>> HW3

d =

   22
    5
   82

e =

    1   22
    5    5
    6   82

f =

    1
    5
    6
   22
    5
   82

g =

   15    3   22
    3    8    5
   14    3   82
   12   18    5

h =

   22   18    5

Thermocouple 1 has a maximum of 87.1 which occurs at 6 hours.
Thermocouple 1 has a minimum of 82.3 which occurs at 20 hours.

Thermocouple 2 has a maximum of 90.4 which occurs at 10 hours.
Thermocouple 2 has a minimum of 88.6 which occurs at 4 hours.

Thermocouple 3 has a maximum of 89 which occurs at 20 hours.
Thermocouple 3 has a minimum of 80.3 which occurs at 8 hours.


2005 was the year with the highest ACE value (248).
2005 was the year with the most tropical storms (28).
2005 was the year with the most hurricanes (15).
1950 was the year with the most major hurricanes (8).

The mean ACE value is: 103.143.
The mean number of tropical storms is: 10.8413.
The mean number of hurricanes is: 6.31746.
The mean number of major hurricanes is: 2.73016.

The median ACE value is: 91.
The median number of tropical storms is: 11.
The median number of hurricanes is: 6.
The median number of major hurricanes is: 2.

ans =

   2005    248     28     15      7
   1950    243     13     11      8
   1995    228     19     11      5
   2004    225     14      9      6
   1961    205     11      8      7
   1955    199     12      9      6
   1998    182     14     10      3
   1999    177     12      8      5
   2003    175     16      7      3
   1964    170     12      6      6
   1996    166     13      9      6
   2010    165     19     12      5
   1969    158     17     12      5
   1980    147     11      9      2
   1966    145     11      7      3
   2008    145     16      8      5
   1951    137     10      8      5
   1989    135     11      7      2
   2012    133     19     10      2
   2011    126     19      7      4
   1967    122      8      6      1
   1958    121     10      7      5
   1963    118      9      7      2
   2000    116     14      8      3
   1954    113     11      8      2
   2001    106     15      9      4
   1953    104     14      6      4
   1988    103     12      5      3
   1971     97     13      6      1
   1981     93     11      7      3
   1979     91      8      5      2
   1990     91     14      8      1
   1960     88      7      4      2
   1985     88     11      7      3
   1952     87      7      6      3
   1957     84      8      3      2
   1965     84      6      4      1
   1976     81      8      6      2
   2006     79     10      5      2
   1959     77     11      7      2
   1992     75      6      4      1
   1975     73      8      6      3
   2007     72     15      6      2
   1984     71     12      5      1
   2002     65     12      4      2
   1978     62     11      5      2
   1974     61      7      4      2
   1956     54      8      4      2
   2009     51      9      3      2
   1973     43      7      4      1
   1997     40      7      3      1
   1993     39      8      4      1
   1962     36      5      3      1
   1986     36      6      4      0
   1968     35      7      4      0
   1970     34     10      5      2
   1987     34      7      3      1
   1991     34      8      4      2
   1994     32      7      3      0
   1982     29      5      2      1
   1972     28      4      3      0
   1977     25      6      5      1
   1983     17      4      3      1

height =

    0.00000    0.00000
    0.00752    0.10194
    0.01503    0.20387
    0.02255    0.30581
    0.03007    0.40775
    0.03759    0.50968
    0.04510    0.61162
    0.05262    0.71356
    0.06014    0.81549
    0.06766    0.91743
    0.07517    1.01937
    0.08269    1.12130
    0.09021    1.22324
    0.09773    1.32518
    0.10524    1.42712
    0.11276    1.52905
    0.12028    1.63099
    0.12780    1.73293
    0.13531    1.83486
    0.14283    1.93680
    0.15035    2.03874
    0.15787    2.14067
    0.16538    2.24261
    0.17290    2.34455
    0.18042    2.44648
    0.18794    2.54842
    0.19545    2.65036
    0.20297    2.75229
    0.21049    2.85423
    0.21801    2.95617
    0.22552    3.05810
    0.23304    3.16004
    0.24056    3.26198
    0.24808    3.36391
    0.25559    3.46585
    0.26311    3.56779
    0.27063    3.66972
    0.27815    3.77166
    0.28566    3.87360
    0.29318    3.97554
    0.30070    4.07747
    0.30822    4.17941
    0.31573    4.28135
    0.32325    4.38328
    0.33077    4.48522
    0.33829    4.58716
    0.34580    4.68909
    0.35332    4.79103
    0.36084    4.89297
    0.36836    4.99490
    0.37587    5.09684
    0.38339    5.19878
    0.39091    5.30071
    0.39843    5.40265
    0.40594    5.50459
    0.41346    5.60652
    0.42098    5.70846
    0.42850    5.81040
    0.43601    5.91233
    0.44353    6.01427
    0.45105    6.11621
    0.45857    6.21814
    0.46608    6.32008
    0.47360    6.42202
    0.48112    6.52396
    0.48864    6.62589
    0.49615    6.72783
    0.50367    6.82977
    0.51119    6.93170
    0.51870    7.03364
    0.52622    7.13558
    0.53374    7.23751
    0.54126    7.33945
    0.54877    7.44139
    0.55629    7.54332
    0.56381    7.64526
    0.57133    7.74720
    0.57884    7.84913
    0.58636    7.95107
    0.59388    8.05301
    0.60140    8.15494
    0.60891    8.25688
    0.61643    8.35882
    0.62395    8.46075
    0.63147    8.56269
    0.63898    8.66463
    0.64650    8.76656
    0.65402    8.86850
    0.66154    8.97044
    0.66905    9.07238
    0.67657    9.17431
    0.68409    9.27625
    0.69161    9.37819
    0.69912    9.48012
    0.70664    9.58206
    0.71416    9.68400
    0.72168    9.78593
    0.72919    9.88787
    0.73671    9.98981
    0.74423   10.09174
    0.75175   10.19368

ans =

   0   0   0
   0   0   0
   0   0   0

ans =

   0
   0
   0

ans =

   0   0   0   0

default =

   16    2    3   13
    5   11   10    8
    9    7    6   12
    4   14   15    1

AD_magic =

   16    3    2   13
    5   10   11    8
    9    6    7   12
    4   15   14    1

ans =  34
ans =  34
ans =  34
ans =  34
ans =  34
ans =  34
ans =  34
ans =  34
