l =  92
z1 =

  -2.1856e+00
   1.4633e+00
  -7.8055e+00
   4.9151e+00
  -2.6583e+00
   6.4211e+00
  -2.6765e+01
   1.4633e+00
  -7.5080e-01
   4.2304e+00
  -1.9462e-01
   1.4773e+01
  -5.2395e+00
   4.9151e+00
  -2.6583e+00
   2.5466e+00
  -7.8055e+00
   3.5303e+00
  -6.0714e+00
   1.3831e+01
  -8.8327e-01
   4.9151e+00
  -4.4968e+00
   4.5553e-01
  -1.8528e+00
   3.5303e+00
  -2.8244e+00
   5.3930e-01
  -9.0965e+00
   1.0889e+01
  -2.0155e+00
   3.0453e+00
  -3.2251e+00
   4.9926e+00
  -1.7594e+01
   4.7062e+00
  -4.9926e+00
   4.5553e-01
  -8.8327e-01
   2.0155e+00
  -1.9641e+01
   2.3578e+00
  -4.2681e+01
   2.1955e+01
  -3.1347e+00
   6.9784e+00
  -1.1852e+01
   3.1347e+00
  -3.5998e-01
   6.0184e+00
  -4.9151e+00
   3.5480e+00
  -6.9190e+00
   1.7594e+01
  -1.1142e+01
   5.1652e+00
  -5.9118e-01
   5.9118e-01
  -2.1394e-01
   1.2661e+00
  -4.7599e+00
   2.7429e+00
  -1.7994e+01
   1.0059e+00
  -1.1142e+01
   3.5998e-01
  -3.5998e-01
   1.0059e+00
  -8.8870e-03
   2.6397e+01
  -9.2326e+00
   1.4773e+01
  -1.1852e+01
   3.0453e+00
  -1.7061e+00
   4.2681e+01
  -1.2661e+00
   4.9926e+00
  -6.9190e+00
   9.4944e-02
  -8.9901e+00
   6.0714e+00
  -4.7062e+00
   3.5303e+00
  -3.0453e+00
   5.1652e+00
  -1.4331e+00
   4.2304e+00
  -3.5998e-01
   4.7062e+00
  -3.6153e+00
   1.1852e+01

A =

   1041   1079   1117   1155     20     58     96    134    733    771    809    847    579    328    366    404
   1077   1115   1153    885     56     94    132    170    769    807    845    594    615    364    402    440
   1113   1151    900    921     92    130    168    189    805    843    592    613    651    400    438    476
   1149    898    919    957    128    166    204    225    841    590    628    649    687    436    474    495
    896    934    955    993    164    202    223    261    588    626    647    685    723    472    510    531
    932    953    991   1029    200    238    259      8    624    662    683    721    759    508    529    567
    968    989   1027   1065    236    257      6     44    660    681    719    757    795    544    565    314
    987   1025   1063   1101    272      4     42     80    696    717    755    793    831    563    312    350
   1023   1061   1099   1137      2     40     78    116    715    753    791    829    867    310    348    386
    192    230    268     17    905    943    981   1019    462    500    538    576    308    635    673    711
    228    266     15     36    941    979   1017   1038    498    536    574    323    344    671    709    747
    264     13     51     72    977   1015   1053   1074    534    572    321    342    380    707    745    766
     11     49     70    108   1013   1051   1072   1110    570    319    357    378    416    743    781    802
     47     85    106    144   1049   1087   1108   1146    317    355    376    414    452    779    800    838
     83    104    142    180   1085   1106   1144    893    353    391    412    450    488    815    836    585
    119    140    178    216   1121   1142    891    929    389    410    448    486    524    834    583    621
    138    176    214    252   1140    889    927    965    425    446    484    522    560    581    619    657

B =

 Columns 1 through 16:

   1059   1078   1097   1116   1135   1154    884     19     38     57     76     95    114    133    152    154
   1077   1096   1115   1134   1153    883    885     37     56     75     94    113    132    151    170    172
   1095   1114   1133   1152    882    901    903     55     74     93    112    131    150    169    171    190
   1113   1132   1151    881    900    902    921     73     92    111    130    149    168    187    189    208
   1131   1150    880    899    918    920    939     91    110    129    148    167    186    188    207    226
   1149    879    898    917    919    938    957    109    128    147    166    185    204    206    225    244
    878    897    916    935    937    956    975    127    146    165    184    203    205    224    243    262
    896    915    934    936    955    974    993   1012    164    183    202    221    223    242    261    280
    914    933    952    954    973    992   1011    163    182    201    220    222    241    260    279      9
    932    951    953    972    991   1010   1029    181    200    219    238    240    259    278      8     27
    950    969    971    990   1009   1028   1047    199    218    237    239    258    277      7     26     45
    968    970    989   1008   1027   1046   1065    217    236    255    257    276      6     25     44     63
    986    988   1007   1026   1045   1064   1083    235    254    256    275      5     24     43     62     81
    987   1006   1025   1044   1063   1082   1101    253    272    274      4     23     42     61     80     99
   1005   1024   1043   1062   1081   1100   1119    271    273      3     22     41     60     79     98    117
   1023   1042   1061   1080   1099   1118   1137    289      2     21     40     59     78     97    116    135
    174    193    212    231    250    269    288    868    887    906    925    944    963    982   1001   1020
    192    211    230    249    268    287     17    886    905    924    943    962    981   1000   1019   1021
    210    229    248    267    286     16     18    904    923    942    961    980    999   1018   1037   1039
    228    247    266    285     15     34     36    922    941    960    979    998   1017   1036   1038   1057
    246    265    284     14     33     35     54    940    959    978    997   1016   1035   1054   1056   1075
    264    283     13     32     51     53     72    958    977    996   1015   1034   1053   1055   1074   1093
    282     12     31     50     52     71     90    976    995   1014   1033   1052   1071   1073   1092   1111
     11     30     49     68     70     89    108    994   1013   1032   1051   1070   1072   1091   1110   1129
     29     48     67     69     88    107    126    145   1031   1050   1069   1088   1090   1109   1128   1147
     47     66     85     87    106    125    144   1030   1049   1068   1087   1089   1108   1127   1146    876
     65     84     86    105    124    143    162   1048   1067   1086   1105   1107   1126   1145    875    894
     83    102    104    123    142    161    180   1066   1085   1104   1106   1125   1144    874    893    912
    101    103    122    141    160    179    198   1084   1103   1122   1124   1143    873    892    911    930
    119    121    140    159    178    197    216   1102   1121   1123   1142    872    891    910    929    948
    120    139    158    177    196    215    234   1120   1139   1141    871    890    909    928    947    966
    138    157    176    195    214    233    252   1138   1140    870    889    908    927    946    965    984

